42,35.580090045928955
38,3.968785047531128
40,1.7473177909851074
44,12.463865518569946
44,59.732810258865356
40,15.060825824737549
34,0.024339914321899414
34,1.1157231330871582
44,1.470459222793579
-1,60.00003933906555
46,9.34511661529541
44,20.369557857513428
40,11.268267393112183
36,9.454840898513794
38,3.249448537826538
48,59.3717622756958
34,1.6760468482971191
36,0.36014509201049805
30,1.6716656684875488
30,0.5048596858978271
36,1.2405385971069336
38,21.615365743637085
42,23.64288854598999
36,1.4734561443328857
32,0.6694211959838867
34,2.146172046661377
42,2.219102144241333
44,2.1957008838653564
36,15.045166254043579
36,2.4422805309295654
42,33.36111497879028
32,0.5769181251525879
44,21.553388357162476
40,9.587766885757446
40,11.842239379882812
30,0.5980794429779053
48,19.760334014892578
30,0.18459129333496094
30,0.613818883895874
-1,60.00002717971802
40,10.527735233306885
36,1.1562309265136719
42,54.56732487678528
26,0.007416963577270508
-1,60.00003790855408
42,15.718867540359497
50,20.13419461250305
24,0.022493362426757812
36,0.2099907398223877
-1,60.00002336502075
42,5.8679540157318115
-1,60.000033140182495
38,8.622844219207764
38,0.4002540111541748
48,17.807798147201538
40,10.051775455474854
-1,60.00003266334534
-1,60.00003147125244
42,17.30294895172119
44,20.77068853378296
42,3.307556390762329
-1,60.00006031990051
42,6.1154820919036865
28,0.5207781791687012
36,3.6969878673553467
34,0.25547242164611816
36,0.9994034767150879
26,0.029143333435058594
44,48.70140528678894
42,43.25653576850891
32,0.9072232246398926
34,5.905006170272827
34,0.3502058982849121
38,10.527540445327759
40,36.790462017059326
46,59.56990694999695
-1,60.0000376701355
-1,60.000028133392334
36,0.8344945907592773
40,27.802584171295166
34,5.406291961669922
36,1.0887255668640137
36,0.038545846939086914
44,21.450247287750244
46,30.363303184509277
38,6.509705305099487
40,6.846800088882446
42,56.39453125
34,14.296881198883057
36,0.03707551956176758
-1,60.00003004074097
-1,60.00002455711365
42,0.5491490364074707
34,3.0987355709075928
36,7.253934621810913
-1,60.000027656555176
34,6.494415283203125
36,2.6570138931274414
36,2.93562650680542
-1,60.00002861022949
36,2.1909937858581543
44,14.397733688354492
36,0.631685733795166
44,6.375703573226929
36,0.8878753185272217
42,5.755481481552124
-1,60.00003123283386
46,12.722339391708374
46,29.25357484817505
54,53.59185767173767
-1,60.00002479553223
42,16.992847204208374
36,0.8293552398681641
42,8.79257583618164
44,11.727654457092285
38,10.031627893447876
38,3.0057215690612793
36,0.7123043537139893
40,8.436094760894775
38,50.75272727012634
40,0.7836997509002686
38,2.105604410171509
-1,60.00003266334534
40,13.612331867218018
38,13.616035223007202
38,1.852815866470337
42,18.487887144088745
40,0.4485738277435303
42,20.93208909034729
-1,60.00003123283386
-1,60.00001835823059
40,19.64619541168213
42,5.6775500774383545
24,0.03519845008850098
34,2.1262705326080322
30,0.04692840576171875
-1,60.000025510787964
-1,60.00003123283386
-1,60.00003004074097
48,46.91664099693298
-1,60.00003504753113
42,27.898584127426147
46,4.893924713134766
22,0.01616501808166504
36,1.0632424354553223
44,38.573646783828735
36,1.8926796913146973
34,6.849412202835083
50,57.533018827438354
24,0.027650833129882812
-1,60.00003528594971
-1,60.00002431869507
34,0.2792525291442871
-1,60.00002360343933
40,15.047300815582275
36,0.3350064754486084
34,0.06392550468444824
36,6.909877777099609
44,24.96754765510559
38,1.0593492984771729
36,0.460965633392334
44,5.191102504730225
42,19.620094776153564
36,1.2802865505218506
40,11.673254251480103
36,0.46767759323120117
42,0.1208958625793457
40,2.5778985023498535
-1,60.000022888183594
46,13.106486797332764
40,1.3474912643432617
44,28.35686182975769
42,3.6379246711730957
26,0.043247222900390625
38,0.07046270370483398
-1,60.00002074241638
36,1.1752684116363525
46,0.8960340023040771
38,0.36100220680236816
42,23.652942657470703
42,10.826465845108032
34,3.6527490615844727
-1,60.00003147125244
40,1.1920011043548584
44,49.234946966171265
-1,60.00002717971802
42,1.6493828296661377
38,20.144399881362915
44,4.071041584014893
32,0.26453423500061035
42,3.5344467163085938
42,4.5080671310424805
36,0.933218240737915
36,0.5674192905426025
40,16.44625473022461
-1,60.00003361701965
44,34.50546669960022
-1,60.00002884864807
32,0.35570836067199707
42,10.369486808776855
44,54.615172147750854
-1,60.000017166137695
40,2.05370831489563
46,1.5591998100280762
32,0.00729680061340332
38,6.382598876953125
30,0.17209386825561523
46,29.77341055870056
38,8.768436908721924
36,2.275770664215088
34,0.15184712409973145
32,0.12313461303710938
32,0.24274873733520508
30,0.03503227233886719
40,0.3711235523223877
44,14.109206199645996
40,14.826752424240112
-1,60.00001549720764
40,10.398507595062256
34,0.30592870712280273
30,0.04576921463012695
40,13.885911226272583
42,15.343108654022217
40,2.42636775970459
36,0.3949570655822754
42,5.212634563446045
26,0.06899452209472656
42,2.7585949897766113
46,7.087813138961792
42,16.493963479995728
40,7.921709299087524
36,0.1918494701385498
52,44.568519830703735
-1,60.00002932548523
40,7.432647228240967
44,1.0138511657714844
32,0.49868202209472656
42,14.325237512588501
30,1.4230549335479736
38,0.6067516803741455
46,2.725665807723999
-1,60.000033140182495
38,8.125323295593262
-1,60.00002312660217
28,0.30230236053466797
38,3.3978958129882812
34,0.929689884185791
46,10.929663896560669
30,1.3837831020355225
44,46.856711626052856
34,0.9881579875946045
38,1.8548967838287354
-1,60.000025033950806
38,0.6397404670715332
46,52.5859260559082
36,0.4990553855895996
42,4.0052409172058105
44,2.0015218257904053
-1,60.000016927719116
38,0.7834262847900391
36,0.5449748039245605
38,11.44539499282837
40,8.24085259437561
40,3.5697712898254395
40,15.527546644210815
34,1.7371408939361572
44,23.096699476242065
38,1.9900989532470703
38,0.8990848064422607
42,12.018123388290405
-1,60.000019550323486
34,0.1270580291748047
-1,60.000035524368286
42,16.90289068222046
40,21.620026350021362
38,2.154134511947632
40,3.172318935394287
-1,60.000016927719116
-1,60.00001668930054
36,6.604466676712036
34,2.5610058307647705
36,3.7290139198303223
40,19.929816484451294
36,4.28188419342041
32,0.5632402896881104
-1,60.000014543533325
42,18.953778743743896
-1,60.000014543533325
48,27.924745321273804
46,6.77363920211792
28,0.7169666290283203
38,10.649857997894287
40,2.288400888442993
44,9.218796253204346
-1,60.00003457069397
44,38.46224355697632
34,1.1635212898254395
36,17.088377952575684
44,4.841643333435059
40,1.0540425777435303
48,25.042144298553467
-1,60.000020265579224
34,1.9297430515289307
42,0.1529839038848877
42,1.1231703758239746
34,0.4500436782836914
42,2.1466567516326904
34,0.35891175270080566
26,0.008749723434448242
28,0.07139849662780762
30,0.062125444412231445
-1,60.00001668930054
40,4.383029222488403
38,3.893951416015625
24,0.011893987655639648
36,16.09408140182495
34,0.6152431964874268
-1,60.000014781951904
42,13.594820022583008
36,2.227304458618164
40,3.1125192642211914
42,7.0436131954193115
32,1.8357765674591064
38,2.383779764175415
42,20.679359436035156
40,0.6286752223968506
42,3.6731903553009033
38,1.6222422122955322
30,0.27424097061157227
38,7.174623727798462
40,13.579524517059326
38,3.12489652633667
42,28.071730613708496
36,2.929567575454712
38,38.199289321899414
44,6.99824070930481
-1,60.00001335144043
-1,60.000022411346436
38,3.367966890335083
42,22.110021114349365
40,9.524651050567627
38,8.692688703536987
42,10.241100311279297
38,1.4599554538726807
30,0.4759683609008789
40,5.798149347305298
44,26.959173917770386
32,2.8691790103912354
-1,60.000025033950806
40,34.05734944343567
46,20.024082899093628
42,48.97120118141174
36,0.8568530082702637
38,4.330414295196533
42,8.410081386566162
-1,60.00003147125244
30,0.5796022415161133
-1,60.00003409385681
42,12.547073125839233
38,1.7913246154785156
34,1.6355271339416504
32,0.026178598403930664
40,15.097172260284424
48,19.26213026046753
38,1.6962857246398926
34,0.21188092231750488
-1,60.00002384185791
26,0.23503899574279785
32,4.62837028503418
-1,60.00004029273987
34,1.0192830562591553
36,0.1632845401763916
40,12.221048355102539
42,17.628139972686768
38,2.929359197616577
38,4.612407684326172
-1,60.00003242492676
36,1.3743600845336914
38,13.590884923934937
42,7.619314908981323
42,14.543183326721191
40,3.673952341079712
42,14.972131490707397
38,4.7866432666778564
38,2.4069018363952637
34,0.37652063369750977
52,55.55587959289551
40,3.6600818634033203
46,7.438963413238525
38,0.5694468021392822
40,6.657275915145874
34,0.11196565628051758
48,13.054253578186035
38,1.8956339359283447
26,0.14376187324523926
-1,60.00002646446228
36,4.087960243225098
44,20.341323137283325
42,15.393173933029175
40,1.028459072113037
32,0.8134250640869141
-1,60.00001573562622
40,15.839717864990234
-1,60.000019550323486
50,37.41440200805664
42,0.814042329788208
-1,60.00002884864807
36,6.970297574996948
42,4.418209791183472
40,1.6249098777770996
-1,60.000033378601074
26,0.12212371826171875
42,4.200051546096802
42,2.0673112869262695
-1,60.00001859664917
34,0.8562307357788086
40,16.634910106658936
-1,60.00002574920654
46,7.912207365036011
-1,60.000030755996704
40,6.17719030380249
30,0.06302452087402344
44,10.732637643814087
46,18.552685976028442
36,2.549928903579712
42,2.1232492923736572
42,12.102843523025513
30,0.24577021598815918
44,46.83653140068054
50,19.86716604232788
40,4.044229507446289
42,38.97044777870178
-1,60.00001621246338
34,4.368520975112915
38,2.3451476097106934
42,7.7291600704193115
36,0.9984464645385742
-1,60.000032901763916
40,18.30430793762207
36,9.025759935379028
42,6.032658576965332
44,13.76052975654602
44,19.848390579223633
42,0.715034008026123
38,1.3204970359802246
24,0.03852510452270508
34,0.8669214248657227
42,2.9018571376800537
36,0.0469050407409668
46,33.81649446487427
42,15.86702013015747
32,0.11567234992980957
-1,60.00001764297485
18,0.0018084049224853516
42,1.8428683280944824
-1,60.000030517578125
42,10.149720430374146
42,57.062782764434814
38,9.069461584091187
38,19.796906232833862
40,0.8127491474151611
-1,60.00002193450928
40,10.952223777770996
42,16.163909673690796
42,3.1421430110931396
44,5.513912916183472
38,1.7270698547363281
38,17.442484617233276
42,35.240225076675415
44,38.83761978149414
40,4.935031890869141
-1,60.0000319480896
36,0.9906675815582275
42,3.180800199508667
44,41.9159619808197
-1,60.00002861022949
44,46.2408652305603
30,0.016048192977905273
44,32.78223752975464
40,2.7784621715545654
44,2.6903223991394043
44,16.505598068237305
-1,60.00002670288086
-1,60.000028133392334
40,9.745529651641846
34,0.4391458034515381
40,28.841259956359863
46,17.943196773529053
30,0.08201241493225098
36,0.9126970767974854
-1,60.00003433227539
42,37.73601484298706
30,0.07538580894470215
-1,60.00001549720764
-1,60.000022649765015
44,4.84175181388855
36,9.480659246444702
38,1.9312489032745361
-1,60.00001645088196
40,4.43198823928833
30,1.257676362991333
32,0.778881311416626
38,8.692068815231323
38,0.9156060218811035
46,18.626526832580566
28,0.0019788742065429688
32,0.009052753448486328
38,3.5604405403137207
38,3.0349762439727783
44,14.907971620559692
38,17.307990074157715
44,17.87818670272827
40,5.9735167026519775
34,0.09010171890258789
-1,60.000033140182495
-1,60.00002121925354
30,0.343350887298584
30,2.426104784011841
30,0.01108407974243164
44,56.800095081329346
42,2.2701189517974854
-1,60.00001907348633
30,0.3068389892578125
32,0.4399240016937256
42,11.529406309127808
32,0.5063912868499756
32,0.34395289421081543
44,3.5934112071990967
36,1.2717926502227783
28,0.3221454620361328
36,6.370373725891113
42,4.805058002471924
28,0.11512494087219238
32,0.056153059005737305
-1,60.0000159740448
34,1.5567374229431152
34,2.321584701538086
32,0.38097333908081055
-1,60.000025033950806
40,2.143435478210449
40,9.698241233825684
38,15.94162893295288
42,2.2667856216430664
-1,60.00001668930054
44,1.5847280025482178
42,4.6160101890563965
36,1.4773461818695068
32,1.8445236682891846
-1,60.00003099441528
46,23.2546603679657
36,2.803802728652954
46,8.113998889923096
38,1.3906924724578857
44,11.44851040840149
36,1.6679878234863281
34,0.8057279586791992
32,0.17586636543273926
34,0.2197554111480713
38,12.705686569213867
32,0.22685551643371582
40,34.93304252624512
32,0.014142990112304688
36,2.2514357566833496
40,3.9270551204681396
-1,60.00003123283386
32,0.6404073238372803
46,21.143245697021484
-1,60.0000262260437
-1,60.000022411346436
38,1.4831109046936035
40,6.164062976837158
44,39.51034331321716
34,4.133309364318848
-1,60.000032901763916
30,0.18764162063598633
36,4.720256805419922
36,0.7912847995758057
-1,60.00001645088196
30,0.7491207122802734
-1,60.00001573562622
-1,60.00002694129944
34,0.014684677124023438
34,1.139303207397461
40,9.867746829986572
44,23.618821382522583
42,26.204566955566406
42,6.576931953430176
42,16.128979206085205
42,7.435990810394287
42,2.267359495162964
38,1.16914701461792
40,3.7890448570251465
32,0.07555532455444336
44,2.4969866275787354
38,7.492858171463013
40,4.170333385467529
34,0.7888848781585693
36,0.09851694107055664
42,13.344041585922241
34,0.34281182289123535
26,0.06601858139038086
40,11.19188904762268
42,21.104353666305542
36,0.28505563735961914
44,13.13624095916748
38,7.277212381362915
42,26.31873345375061
42,6.0438902378082275
36,6.053316354751587
38,1.4044678211212158
44,4.676896572113037
40,8.897492408752441
40,18.79614019393921
32,0.7631120681762695
-1,60.000032901763916
30,1.143613338470459
36,8.89507532119751
-1,60.000033140182495
36,42.49233436584473
42,4.936721324920654
-1,60.00002312660217
42,8.977107048034668
38,0.5586771965026855
38,4.4254772663116455
34,1.317796230316162
44,11.399247169494629
34,2.370555877685547
42,21.733144283294678
46,2.409372568130493
38,9.049417734146118
40,41.79290294647217
-1,60.00002336502075
-1,60.000014543533325
34,5.802380084991455
40,1.9536442756652832
42,7.265024900436401
-1,60.00002837181091
40,16.562432765960693
44,7.413112163543701
44,59.96935820579529
-1,60.00002098083496
-1,60.00003170967102
36,3.877769947052002
32,0.12369370460510254
40,10.432360172271729
40,9.37545371055603
38,8.244489908218384
42,11.741466045379639
38,7.589606046676636
-1,60.00002074241638
40,8.152954816818237
48,20.342217206954956
42,9.912398099899292
38,1.359703779220581
44,21.05519127845764
40,30.86208462715149
-1,60.00003361701965
38,5.316591024398804
40,1.1398110389709473
40,7.0122082233428955
36,4.200788259506226
32,2.031485080718994
46,34.845401763916016
-1,60.00001907348633
42,24.384612321853638
40,51.12116360664368
-1,60.000033140182495
44,1.3822710514068604
40,21.472667932510376
40,10.403417825698853
36,1.641810417175293
40,11.289050817489624
32,0.1422121524810791
40,26.27478289604187
44,21.401654481887817
44,39.00863480567932
44,16.806747913360596
-1,60.00002908706665
-1,60.000036001205444
32,0.07776713371276855
38,5.145688533782959
32,1.2986361980438232
42,14.703072786331177
36,7.577239036560059
-1,60.00003695487976
-1,60.00002336502075
38,8.954061508178711
44,31.222100973129272
-1,60.00002861022949
46,8.662617206573486
36,2.0163049697875977
-1,60.000027894973755
38,0.349200963973999
44,2.875440835952759
42,5.3404927253723145
38,9.164199829101562
38,5.22339653968811
38,0.9302659034729004
46,14.935226917266846
42,6.226644992828369
30,0.1530463695526123
42,0.6947264671325684
34,0.20035052299499512
38,1.2769138813018799
36,23.797166347503662
44,58.492446422576904
26,0.07323598861694336
38,14.688662767410278
38,2.840569496154785
22,0.07393383979797363
48,34.19374990463257
30,0.18495440483093262
32,1.2773513793945312
42,19.516807317733765
46,36.98643159866333
40,13.251492261886597
30,0.06618642807006836
28,0.0449221134185791
-1,60.00002717971802
30,0.6074399948120117
38,10.99047565460205
48,19.056135654449463
-1,60.000022172927856
42,2.883958578109741
30,0.029529094696044922
-1,60.000014543533325
34,1.252129316329956
42,3.9635701179504395
-1,60.00003147125244
-1,60.00002074241638
42,43.53638052940369
38,29.17193365097046
-1,60.000030279159546
38,0.4772763252258301
30,0.4713718891143799
-1,60.00002908706665
-1,60.00002717971802
42,16.472225189208984
40,3.901205062866211
40,2.5180463790893555
48,11.247919797897339
-1,60.0000319480896
38,0.4444911479949951
38,1.5837745666503906
38,5.294750213623047
40,21.305145740509033
42,29.68359637260437
34,0.7384519577026367
40,55.247153520584106
26,0.4641075134277344
-1,60.00001668930054
40,0.1296367645263672
42,5.15026330947876
32,0.19133615493774414
-1,60.000025510787964
36,6.353287220001221
-1,60.000033140182495
40,13.95586371421814
24,0.04364466667175293
30,0.463472843170166
42,5.2730393409729
42,1.9325072765350342
40,0.3902864456176758
46,59.96620297431946
40,9.607937097549438
42,1.0998566150665283
48,35.9573757648468
40,6.2909626960754395
38,3.4106926918029785
36,2.068622350692749
-1,60.00002479553223
28,0.017563343048095703
-1,60.00003266334534
46,33.18116641044617
-1,60.000022172927856
34,0.2810516357421875
-1,60.00003480911255
38,1.1381564140319824
-1,60.00002646446228
-1,60.00001287460327
48,23.328853368759155
40,4.327333688735962
42,23.12607431411743
36,6.049533367156982
36,8.762765884399414
-1,60.000033140182495
-1,60.00001645088196
40,1.4812684059143066
42,17.598740577697754
42,58.134769678115845
36,15.557476282119751
-1,60.00001311302185
30,0.16055560111999512
36,8.275004386901855
38,10.453345537185669
42,11.848554611206055
38,13.776254415512085
38,3.6523613929748535
26,0.034166574478149414
36,0.15830206871032715
32,0.11854219436645508
42,9.30410623550415
44,4.742093563079834
40,9.54198670387268
40,32.819891691207886
42,49.40302610397339
36,2.3320579528808594
34,2.513488292694092
42,14.947448968887329
40,24.586782455444336
40,0.3964047431945801
44,2.0761330127716064
30,0.6246247291564941
40,14.14839768409729
-1,60.00001811981201
-1,60.00002598762512
-1,60.00003242492676
32,1.2177133560180664
36,3.7215332984924316
42,7.512917757034302
44,5.467277526855469
40,4.057981252670288
38,6.680375337600708
38,0.8700332641601562
-1,60.00002455711365
-1,60.00003385543823
44,48.46908926963806
46,53.740617513656616
-1,60.000030517578125
-1,60.000033140182495
34,5.943795680999756
42,12.7662193775177
46,52.54595708847046
42,1.3865599632263184
-1,60.00002074241638
38,0.16247272491455078
40,1.3189220428466797
42,22.985946655273438
42,6.216980695724487
38,1.5027904510498047
46,33.01120471954346
36,3.772808313369751
-1,60.000027894973755
-1,60.00002694129944
26,0.06540536880493164
48,2.8425099849700928
38,1.5454380512237549
38,2.379749298095703
38,0.09128427505493164
40,11.354785919189453
36,1.3478338718414307
34,1.1013340950012207
44,22.86767864227295
34,0.2844510078430176
32,0.10610723495483398
40,31.030184268951416
44,2.298326253890991
38,1.3554582595825195
40,1.6208722591400146
-1,60.00002408027649
28,0.03369402885437012
-1,60.000025510787964
34,0.01925206184387207
42,42.10917019844055
46,8.583415985107422
48,10.597586631774902
36,0.8352117538452148
-1,60.000033378601074
40,15.014799356460571
-1,60.0000364780426
40,2.7917635440826416
40,42.857224464416504
-1,60.00002431869507
44,7.818022012710571
40,5.65199875831604
40,0.3994107246398926
-1,60.00001549720764
38,11.104305505752563
38,2.3779563903808594
44,45.95268630981445
36,0.857280969619751
44,45.86661410331726
46,5.5904834270477295
40,35.25872802734375
32,0.37130188941955566
30,0.0157625675201416
48,31.034711599349976
36,2.959455728530884
38,1.8906428813934326
30,0.24540019035339355
38,7.7059080600738525
44,45.10315680503845
38,5.072556495666504
40,4.228809595108032
30,0.1880035400390625
44,21.462815523147583
-1,60.000033378601074
48,46.031649112701416
-1,60.00003123283386
30,0.14939308166503906
40,15.106995105743408
44,24.359466075897217
36,0.21099853515625
34,0.41019368171691895
24,0.033736467361450195
-1,60.00003099441528
40,2.312629461288452
44,5.780713796615601
44,8.2695472240448
-1,60.00002145767212
44,9.758060216903687
38,13.83701491355896
36,2.968305826187134
30,0.03183770179748535
38,6.505195379257202
-1,60.00002670288086
42,2.508812427520752
38,0.21930551528930664
34,0.012636899948120117
40,8.081870317459106
36,0.34971022605895996
38,0.30083250999450684
34,1.475691795349121
46,17.585017919540405
38,1.9748780727386475
48,28.5915846824646
32,0.5852181911468506
40,49.71000576019287
-1,60.00003266334534
40,1.317169427871704
-1,60.00001382827759
-1,60.00002717971802
34,0.7807960510253906
34,1.3314378261566162
34,1.0511772632598877
30,0.07688140869140625
38,1.6748404502868652
-1,60.00002574920654
38,2.6940746307373047
30,0.798820972442627
-1,60.000014543533325
36,7.159407377243042
38,6.348608493804932
40,4.926843881607056
36,3.6678552627563477
36,0.3848559856414795
34,0.13541698455810547
34,9.612304210662842
26,0.014820098876953125
48,36.318116188049316
48,6.386667966842651
40,2.447598934173584
38,12.545236349105835
38,3.901261568069458
-1,60.00002837181091
18,0.002228975296020508
38,3.7854392528533936
44,23.040001392364502
-1,60.00003218650818
46,7.049263954162598
44,37.572838306427
42,3.5039072036743164
-1,60.00003218650818
44,32.86314511299133
36,0.12488174438476562
36,8.653958559036255
38,1.5489501953125
36,6.967640399932861
40,16.120845556259155
42,23.63395380973816
-1,60.00003123283386
34,0.14796185493469238
36,3.327300548553467
30,0.6745054721832275
42,47.33813762664795
38,0.3216667175292969
30,1.7137908935546875
44,21.009491443634033
40,5.923983573913574
-1,60.000033140182495
46,21.606500387191772
40,11.006704807281494
36,0.5119969844818115
36,7.177423715591431
36,1.2736575603485107
44,52.78211331367493
-1,60.00002408027649
32,0.29106593132019043
38,2.990828037261963
-1,60.00002455711365
36,10.691578149795532
38,7.731410264968872
42,39.63030195236206
36,1.1439285278320312
32,0.044649600982666016
42,19.203656673431396
46,23.220820426940918
-1,60.0000274181366
-1,60.000022172927856
40,5.507133483886719
32,0.5680811405181885
38,0.6811692714691162
-1,60.00002360343933
34,0.36743950843811035
32,0.844994306564331
-1,60.00003457069397
-1,60.00002670288086
38,0.08122825622558594
42,44.30981945991516
38,2.3380162715911865
32,0.7731127738952637
-1,60.00002098083496
38,8.886893033981323
36,3.746880054473877
36,2.7132155895233154
38,8.16489028930664
38,0.1965193748474121
44,10.85806393623352
38,14.290358543395996
42,5.0076539516448975
36,3.6646904945373535
46,15.876248359680176
32,0.6891672611236572
40,4.8811328411102295
-1,60.00001406669617
42,1.8994886875152588
32,0.3632650375366211
44,1.4014935493469238
46,45.05078721046448
44,4.709927082061768
42,6.2224791049957275
42,57.82259011268616
40,10.61673879623413
40,20.960511684417725
40,15.805784940719604
40,14.540415525436401
-1,60.00001859664917
38,1.0413484573364258
-1,60.00001382827759
44,43.03110671043396
-1,60.00003790855408
46,3.3894095420837402
46,37.88769268989563
30,0.13536310195922852
38,7.613290071487427
-1,60.00001549720764
42,15.238675117492676
46,35.769041538238525
38,8.560278415679932
38,3.9734880924224854
32,0.19405889511108398
44,10.22068452835083
-1,60.00003099441528
38,23.658540725708008
44,20.476314544677734
42,9.734869003295898
40,6.021551847457886
40,12.588379859924316
42,3.7363686561584473
34,0.35723018646240234
46,54.84817552566528
36,3.5389440059661865
26,0.2467200756072998
30,0.06318998336791992
46,57.37665057182312
36,17.594170093536377
36,0.673609733581543
30,0.11710548400878906
40,2.531184434890747
40,0.5816237926483154
46,50.05883526802063
32,0.12702727317810059
34,1.5092806816101074
-1,60.000033378601074
28,0.006574392318725586
40,0.23302841186523438
-1,60.00001764297485
-1,60.00002360343933
-1,60.00003242492676
34,0.5624449253082275
44,6.088772535324097
-1,60.000011682510376
26,0.03812813758850098
44,34.8434624671936
18,0.004452943801879883
46,58.064950942993164
42,11.552350997924805
44,6.509972095489502
44,12.071529388427734
40,4.70548152923584
34,0.6314272880554199
40,24.569758415222168
34,0.503882884979248
42,14.214712381362915
42,11.240963697433472
38,5.667496204376221
30,0.03536486625671387
38,1.568413257598877
36,4.618182897567749
-1,60.00002098083496
28,0.23038482666015625
42,28.365681648254395
34,0.39807701110839844
46,13.785378456115723
-1,60.000025033950806
38,0.9992718696594238
40,4.256819486618042
40,25.320428371429443
44,7.309813022613525
44,16.83302664756775
-1,60.00001382827759
40,2.1528589725494385
44,47.895145654678345
-1,60.000014543533325
46,55.23589468002319
34,1.0036184787750244
42,21.806968450546265
-1,60.000027894973755
42,2.339301109313965
22,0.002140045166015625
42,39.54798889160156
-1,60.00001549720764
30,0.29703211784362793
42,11.121305704116821
38,2.3339667320251465
42,40.57359337806702
40,4.956658601760864
36,19.973973989486694
28,0.0807952880859375
36,1.6487691402435303
